0001000010100111
0001001010101111
0001001010001111
0001111010001101
0001101011001011
0001011011000011
0001001001000001
0001010001000001
0001000001000000
0001010000000001 
0001000000100101 
0101111111000111 
0101011111000111 
0101010001000001 
0101010001000001 
0101000000100111 
1001011000111111
1001100011111111
0101101011000010
0101110010101111
0010001000001111
0001000000101010
0001111000100110
0001011111000111
1001100100111111
1001101100111111
1001111000111111
1001001011111111
1001101011111111
1001101011111111
1001101011111111
0101000000100111 
0001111010001101
1001101011111111
0001000000101010
0001000000101010
0001000000101010
0001001001101011
0001111111111111
1001111111111111
0101111111111111
0101101110111001
0101101110000001
1001111111111111
1001100110010011
1111100110010011
1001100100111111
1001001100111111
1001101011111111
0001001010101111
0101010001000001 
0101010001000001 
