0001000010100111
0001001010101111
0001010000000001 
1001011000111111
1001100011111111
0101101011000010
0101110010101111
0100100000000000
0001000000101010
0001111000100110
0001011111000111
0100100000000011
0001100000000001
1001100011111111
0101101011000010
0101110010101111
0001000000101010
0001111000100110
1100000111000000
1001000011111111
1001110011111111
1001001011111111
1001101011111111
0001010010000001 
1001010000000001 
0001010001111101 
0101010001010001 
0001010011111101 
0001010000001111 
0001010010000001 
0001010000010001 
0001010000001001 
0101010000010001 
0001010100110001 
0001010011100111 
0001010010001111 
0001010000110001 
0001010000101101 
0001010000010001 
0100000000000001 
1001010011001001 
0101011111111101 
0101011111111111 
0101010000110001 
1001010100101101 
0001011111100001 
